HaibK562MaxV0416102	0.999986692967	0.958197588862	0.935294871735	0.956796811308	0.975866675334	0.936539068595	0.946339768386	0.96290706121	0.927738576426	
SydhHepg2MaxIggrab	0.88368022443	0.999997038435	0.936730684257	0.929315789505	0.985383714178	0.935008270043	0.940828661509	0.966806458328	0.917435670526	
SydhH1hescMaxUcd	0.851800289149	0.941161426184	0.999998782343	0.898429965086	0.975349244955	0.905853233142	0.935883244649	0.946978339324	0.894248360364	
SydhK562MaxIggrab	0.913657458184	0.970905808791	0.939700111518	0.999994389722	0.985880467575	0.946689912918	0.953511594735	0.974443353218	0.941193868436	
SydhHuvecMax	0.872849536241	0.958242597332	0.937172693777	0.919214023559	0.999999430909	0.930080317854	0.942074614549	0.962153511845	0.915154656178	
SydhGm12878MaxIggmus	0.878795769406	0.958362558979	0.929572711467	0.925348251119	0.981261154188	1.0	0.937333247008	0.963661467185	0.921894680201	
SydhNb4Max	0.889054934034	0.963251114938	0.949502591954	0.937675028191	0.987275942466	0.938957116199	0.999993152566	0.967734274348	0.933193314552	
SydhA549MaxIggrab	0.877824347344	0.961318639195	0.931707605272	0.923295936803	0.985515427178	0.933408287249	0.937572262624	0.999996573559	0.918692693847	
SydhHelas3MaxIggrab	0.886986956047	0.959999755762	0.93301517415	0.939777548258	0.982428360269	0.941677715308	0.946052530135	0.970418302078	0.999998039865	
Gr
HaibEcc1GrV0416102Dex100nm	0.999994896345	0.847034174061	0.781577359061	0.865816633144	0.815508737617	0.786729600694
HaibA549GrPcr1xDex500pm	0.796755223591	1.0	0.745146527467	0.834682355711	0.786116808713	0.847520616319
HaibA549GrPcr2xDex100nm	0.836927210393	0.904874525801	0.999996187729	0.929371393049	0.899989962681	0.876112196181
HaibA549GrPcr1xDex5nm	0.846248000005	0.929524928176	0.82177798559	0.999997995191	0.874233258614	0.784505208333
HaibA549GrPcr1xDex50nm	0.858837760542	0.938858113363	0.895638035261	0.96628008075	0.999993796465	0.778510199653
SydhHepg2Grp20Forskln	0.726747746736	0.80100315868	0.736832031416	0.764097453588	0.724206477954	1.0	
Gabp
HaibH1hescGabpPcr1x	0.999999840764	0.960867517213	0.980066876049	0.985117700908	0.943195549691	0.951722582416
HaibHepg2GabpPcr2x	0.984586864137	0.99999705081	0.990751357849	0.989994422129	0.948842758865	0.961377487892
HaibGm12878GabpPcr2x	0.984368073213	0.97227544589	0.999997249982	0.991618509307	0.949218862094	0.959380131057
HaibHelas3GabpPcr1x	0.982927460777	0.966901099642	0.986506649325	0.999999021044	0.948974357164	0.955454021623
HaibK562GabpV0416101	0.981161846685	0.974385729753	0.991923855728	0.992773241709	0.999997197651	0.959822788107
HaibA549GabpV0422111Etoh02	0.981354841299	0.97044450564	0.985265400983	0.986912778981	0.949271490204	1.0
Gata3
HaibT47dGata3sc268V0416102Dm002p1h	0.999995352469	0.86492193378	0.88667611905	0.902706130926	
SydhShsy5yGata3sc269sc269Ucd	0.831575465901	1.0	0.849391389396	0.850489941663	
SydhMcf7Gata3Ucd	0.844838281089	0.84969507734	1.0	0.878694343874	
SydhMcf7Gata3sc269Ucd	0.864108978869	0.860111197015	0.909776252877	1.0	
Jund
SydhH1hescJundIggrab	0.999999356778	0.931952805269	0.946500630701	0.965770427936	0.921989690526	0.982075384071	0.91093763367	
SydhGm12878Jund	0.891758105496	1.0	0.893208669016	0.935962454566	0.88237754802	0.968701531172	0.765159891639
SydhK562JundIggrab	0.971976515235	0.928125247991	0.999998364007	0.976740114714	0.94242154761	0.983810501514	0.911314851442	
SydhHepg2JundIggrab	0.941422879421	0.949503452029	0.939599303394	0.999999676733	0.92649341113	0.985397733197	0.848549367709	
HaibHepg2JundPcr1x	0.953778395589	0.937597070594	0.94955885285	0.958001592056	0.999998142454	0.981376137366	0.907557078043	
SydhHelas3JundIggrab	0.945257128155	0.95916799873	0.940145296012	0.974108672541	0.923423777617	0.999999129316	0.84984063847	
HaibH1hescJundV0416102	0.961245635915	0.89580428301	0.933278218532	0.936304821764	0.91822754536	0.965858345835	0.99999817204	
Mafk
SydhHelas3MafkIggrab	0.999999839407	0.944233299534	0.91850804104	0.95327168224	0.893957524699	0.922007161238
SydhK562Mafkab50322Iggrab	0.957029843243	0.999999899545	0.92821786613	0.966853854631	0.901934259634	0.929096153358
SydhHepg2Mafksc477Iggrab	0.967331082836	0.96769472819	0.99999976076	0.967324021099	0.951798509594	0.963017262504
SydhH1hescMafkIggrab	0.942554228852	0.942110839459	0.910073205292	0.999999751333	0.883645248998	0.908519027801
SydhHepg2Mafkab50322Iggrab	0.963561763796	0.962392897562	0.98710179776	0.962507596766	0.999999835161	0.978063825358
SydhImr90MafkIggrab	0.973414145885	0.968532044391	0.967534596354	0.969851282424	0.947212000913	0.999999737559
Sp1
HaibK562Sp1Pcr1x	0.999991470166	0.808132139577	0.92441624663	0.909608596332	
HaibHepg2Sp1Pcr1x	0.927075292737	0.999998895418	0.907535688121	0.898161981051	
HaibGm12878Sp1Pcr1x	0.952969656328	0.83133557861	0.999995907461	0.92648729878	
HaibH1hescSp1Pcr1x	0.950931552613	0.842118929746	0.935205634069	0.999996834844	
Srf
HaibK562SrfV0416101	1.0	0.955343896191	0.898881697585	0.913878991455	
HaibH1hescSrfPcr1x	0.950684632456	1.0	0.895290350997	0.91903304798	
HaibGm12878SrfPcr2x	0.964234400688	0.961231064825	0.999999661577	0.933875780486	
HaibHepg2SrfV0416101	0.934006815357	0.945198819336	0.888843643592	1.0	
Tbp
SydhGm12878TbpIggmus	0.999997952964	0.888779855571	0.88765369382	0.89035703374	0.892690416004	
SydhK562TbpIggmus	0.863770794852	0.999996926049	0.920930756828	0.865533508169	0.908939463208	
SydhH1hescTbpIggrab	0.858187188446	0.925101519518	0.999992103708	0.855139342183	0.91505886472	
SydhHelas3TbpIggrab	0.884523114422	0.880087648721	0.873358338041	0.999998325868	0.883791440593	
SydhHepg2TbpIggrab	0.878845192731	0.91945196067	0.920381263	0.873888481052	0.999993966251	
Tcf7l2
SydhHepg2Tcf7l2Ucd	1.0	0.830001202439	0.881673460584	0.844153801706	0.906379877688	0.848099163354	0.856390466392
SydhPanc1Tcf7l2Ucd	0.897566531397	0.999999966838	0.913795539047	0.91606584823	0.954202217471	0.901324210418	0.893773525377	
SydhMcf7Tcf7l2Ucd	0.901509533429	0.875816413245	1.0	0.89157861648	0.94883783971	0.896063840761	0.878445404664
SydhHct116Tcf7l2Ucd	0.882596106372	0.894890854958	0.9054022791	0.999998390126	0.953069292007	0.916618823243	0.87097037037	
SydhHelas3Tcf7l2Ucd	0.884459910026	0.864505561827	0.892876440889	0.888146525848	0.999999392207	0.885228429014	0.864175994513	
SydhHelas3Tcf7l2c9b92565Ucd	0.89716033039	0.892960453024	0.92138895693	0.925428022866	0.970298997507	1.0	0.881288751715
SydhHek293Tcf7l2Ucd	0.895980085332	0.871773651784	0.901436045173	0.876018040121	0.944868953831	0.876648682402	1.0	